# Image list with two lines of data per image:
# IMAGE_ID, QW, QX, QY, QZ, TX, TY, TZ, CAMERA_ID, NAME
1 0.9992629163714943 0.0 -0.03838781010602255 0.0 0.5483790125000001 0.0 -0.0421954665 1 db/frame_000.png
235.88930062767696 116.43513412326273 1 259.902148167793 145.99212513706308 2 226.0726740645822 157.28697176322038 3 184.1012168244342 143.74091208999513 4 169.39690446130845 116.74834884849 5 213.35820682075706 151.2795375260322 6 278.0381263777588 123.0263404418829 7 191.41946253863046 85.69482283655398 8 250.4277919591929 86.91703446367849 9 186.48442727676596 101.23367656445353 10 232.96784879606992 98.52567233485647 11 198.84146072769425 78.71623777629702 12 191.9508063142252 96.3402881964373 13 284.93326996154155 170.97674718765725 14 192.36482539075317 128.3283932744119 15 219.7800113363655 141.71703392414494 16 155.03000559518506 102.80512833896438 17 220.30232234283122 114.66983837161692 18 172.25127196775648 97.75099831885747 19 189.48968899705477 65.49030467664589 20 256.08970184380917 140.0979617576519 21 265.4976391935029 147.60697009242034 22 135.2359589486455 115.85842143464743 23 250.6511387397548 128.80132355094904 24 159.79847247348218 104.89915113249386 25 149.13128864575037 161.56434152639213 26 240.53224489307362 159.91307101486993 27 189.54729217097196 112.99617491838755 28 168.42778027493475 128.70962281450264 29 226.01674529074032 125.459352735008 30 203.40013361480874 157.042768992828 31 243.7837135331784 95.81983770956049 32 141.4479057148007 81.45077268926306 33 227.56350303553154 112.6236004320811 34 244.62308562158478 105.66296319128926 35 198.0088101157427 103.36242314122272 36 169.98320680933605 105.55140666003093 37 248.34466319753443 85.02208742208623 38 259.0241107060733 122.19609603170039 39 212.05909048012276 109.1366814633426 40 214.9813569604813 114.28884682190883 41 199.7708974918027 108.43809885596819 42 166.17242703047043 146.28983149752963 43 275.266770926354 155.64724984449103 44 233.9696423825065 106.83240621603458 45 165.28643026943303 166.0510632255149 46 268.89431868326403 149.90457725812894 47 266.86810427875344 93.35099531687041 48 156.51945784349766 159.1395116898084 49 230.62067574078077 124.00827338465466 50 199.31376923116537 88.2278397046772 51 162.45831478804328 106.62154433418002 52 254.98903248707694 83.98116143439618 53 253.15958665731063 161.89501574690843 54 262.5672280772137 147.7703751415599 55 187.91061096046928 124.97743972905104 56 214.41093709207377 123.90270346887665 57 287.1960392713637 159.59177666574936 58 226.94016759927462 96.41606868060728 59 253.34027493670493 88.6828367916618 60 174.24606903818943 116.3620084191171 61 208.2046915240523 144.5786101273275 62 148.59841966635807 149.72315614069765 63 169.3426515034697 101.88975480814227 64 140.29085852941026 87.99084839866072 65 256.93250471989376 133.82473126285709 66 176.07463646370124 117.40206338509186 67 163.74437089625826 109.44164957030671 68 154.24483854695816 97.96132237399374 69 203.02459819505174 84.29477832592735 70 194.19895212877768 164.56438130518342 71 183.329738290181 133.27990140161216 72 234.59999185093733 135.3259400722788 73 188.78612724817003 136.66973954138126 74 225.26676373262376 82.48533243225485 75 186.69907532960738 135.36706958877718 76 240.10621312625045 139.4650904618244 77 161.80991114378733 131.6789137125112 78 213.80301230991526 155.10146341226908 79 256.6748040710062 147.99044231462338 80 195.1087447872634 145.01761872794944 81 203.08648399040956 137.24494734333695 82 162.53299127724677 81.93733351813636 83 210.12297981565834 78.75826886767929 84 164.68596039728135 77.05438453425245 85 270.50930149081665 108.01605818636281 86 220.25773670817262 133.79845054169894 87 270.3480548668753 87.62718328005133 88 151.30190679614944 142.17733497939952 89 248.92469726638214 150.97856796789253 90 180.52175705456608 133.3152997116898 91 163.64149083657787 86.98951988499931 92 211.36475328581892 158.5156989639668 93 241.2090517437666 179.45962705002674 94 162.7870754739626 113.80240396788697 95 145.24241862370764 115.81677451719416 96 160.64711236420266 156.0996493023829 97 266.7777661662327 103.1119265231012 98 157.31818372883976 61.65514354544556 99 225.36605678253665 97.42525608507634 100 287.7617073620944 113.01490696781373 101 179.51167000034542 69.91060780552036 102 142.32868434198622 163.6170012558668 103 156.43559944970337 83.44639255767709 104 214.68468176692585 138.45826523067115 105 190.7361209474716 117.2265141894603 106 172.53078458780283 126.86383312707814 107 244.39084100299732 173.41346596723423 108 267.1310994420197 109.10079423774464 109 216.83914246755248 100.38604783392184 110 162.54789967957706 96.25358383022792 111 223.02163499840827 107.80279821348526 112 224.55366246248514 150.1897708686226 113 209.65973902702459 130.946383696525 114 218.08865134008093 70.03831886706712 115 209.26373780424692 152.06692511971664 116 223.57990970187595 125.95506695032194 117 214.75088616501924 132.77431766570552 118 227.2942991448685 114.50874255871648 119 213.09945668171392 85.7444799815982 120 249.99931482726834 84.30021814407075 121 225.1384378080512 80.29048252471989 122 252.66682777819437 142.6678609706832 123 255.52901048679092 118.67637100564446 124 226.82145737542282 97.06834189720651 125 179.94878197378654 137.42526910809755 126 246.99398975843417 152.14471230421563 127 164.21344270023357 110.98109149271744 128 194.75514987961827 157.08808950894786 129 185.83834932513346 125.92823355569998 130 144.53105562667628 137.74375466435032 131 162.68726740753345 115.3612063380525 132 256.1043970332534 103.20444466710862 133 284.184998477038 76.47663571035285 134 205.69877177370338 103.53137083529552 135 217.46243073199682 93.7142169878864 136 151.01298669258455 87.5453947230312 137 220.69185524958306 90.00228789282181 138 150.8758272452026 105.47120564224495 139 142.458146729126 159.00363876232768 140 253.3653313305496 84.60915035184121 141 140.27791682131553 100.77049926107142 142 209.57446521984122 147.92473399564534 143 167.07757876504868 95.34639800333296 144 167.99308701261947 144.87431963860053 145 259.4957805815362 124.375910112565 146 213.66443207508246 96.19757329336616 147 244.04124792564494 121.32903533140248 148 189.70192386358391 124.35771949267055 149 197.7314704377191 85.91088657794734 150 197.40764580153797 121.4784319051736 151 229.7629759980797 108.04700952624083 152 179.64740128075525 101.11424380078297 153 224.26408008532334 140.57984975808245 154 241.39162320255525 79.74822833114231 155 179.35423469613596 163.93462188729475 156 253.0355274716605 143.036230563799 157 196.99935686978736 106.95005766366135 158 279.4103206602284 64.21385529292515 159 255.67522711941143 101.96041966462946 160 238.38870531689923 126.68577646573398 161 242.92234227293696 158.18800492322305 162 205.54336122967146 115.30524522949595 163 271.5668705188213 66.88185820844032 164 224.1205389333439 102.52394830822902 165 240.10373911510464 139.11890679219306 166 173.00564122525668 105.72888957321045 167 244.22173644086465 73.67467705623505 168 138.41481739350988 114.51360022743883 169 265.04526804616125 85.71543495182702 170 189.88383756781815 127.75096714409335 171 203.72036848441547 118.20017245475779 172 230.47306340849224 117.7156676185744 173 263.4276802053208 147.56769002051323 174 209.35281250544568 134.31474725182193 175 204.39662977186873 81.13592983760654 176 232.1775523607153 114.44350938873124 177 174.4483775145425 153.3445788033482 178 179.69631208120578 105.66995416973116 179 260.2003959054899 107.87216127562415 180
2 0.9997346290437261 0.0 -0.023036308098369162 1.1102230246251565e-16 0.3296497578 0.0 -0.0151999287 1 db/frame_001.png
218.9568755987425 116.47032125233345 1 241.3647347814651 145.65844479784158 2 207.95468687438478 156.95263596406295 3 165.90713737246216 143.64210454114885 4 152.7524437745442 116.75540882322306 5 194.58918780614167 151.04077046784812 6 255.0128877503533 122.97908677937745 7 171.8892017558198 85.87477862532454 8 232.94939228267185 87.30073902058649 9 168.66908771065357 101.31572084397 10 211.3094721769773 98.74820293013741 11 180.98228286515675 78.9560385139039 12 175.1719107201027 96.4543962981574 13 263.06276644249783 170.15235468716838 14 172.7895899455595 128.28372861640253 15 203.1031157976938 141.54329564645425 16 136.84016708552028 102.81808988963851 17 203.47702894174063 114.71293523948248 18 153.2465740070541 97.81604494989574 19 168.58078936062157 65.77731379626863 20 235.8800223630873 139.84267090950615 21 245.00346632576532 147.22610421830163 22 114.2841797370568 115.85384233809387 23 233.09737475511923 128.69890897316782 24 143.0550605281269 104.91515361631977 25 131.96211104183303 161.5696070225838 26 222.36593108292914 159.4896834713647 27 173.24160555862895 113.02742000357502 28 150.19585697034938 128.68925235351122 29 208.72675222597655 125.4112235291548 30 186.61804996061792 156.81517041474024 31 225.05037738986417 96.08754419114395 32 122.0125380619743 81.4262631665095 33 210.4772858532188 112.68966205104321 34 227.43178018317542 105.81921102288494 35 175.6617164371764 103.47058688573354 36 151.8468467087112 105.58758962479328 37 229.53541214917072 85.42767632767743 38 239.91242259839822 122.16789984074398 39 194.3709206059845 109.21593784650847 40 197.34403527164443 114.33237011520777 41 179.8559196817883 108.51066925053718 42 149.1169223834171 146.24078745761685 43 253.85422738800668 155.1113834831326 44 212.53525632567343 106.96983141546522 45 144.33120482559463 165.93809083749284 46 247.43842039966 149.47582684762423 47 244.71008206933857 93.73032415361959 48 138.26893386371657 159.10269713878932 49 213.37262938649695 123.9708754118955 50 180.48667837450955 88.41952147051411 51 146.25700252566438 106.6386281618787 52 237.2239929315283 84.41905154515365 53 234.17312642864366 161.3853922463478 54 242.97909797471348 147.40061218708394 55 170.48734735416627 124.9551992663597 56 197.6685136801701 123.87382680843487 57 263.4742434715463 158.92915286783136 58 209.69941099527645 96.62625022216625 59 230.6545008560155 89.08445068381573 60 153.14732945329837 116.37484066594985 61 188.60353266568094 144.4018980760525 62 129.01918224895292 149.71603061113797 63 151.98413896021648 101.93125181272995 64 119.99906823492714 87.97098356481277 65 238.7569016858468 133.65268515070753 66 159.53064939676895 117.40968877323313 67 143.43372786006094 109.46443177310292 68 137.72684320448184 97.96933129954999 69 184.25466675522327 84.5250694458112 70 174.04870396418076 164.3114364399454 71 166.37323291028147 133.22872256594923 72 216.99083365603224 135.1750918333743 73 170.72255659833937 136.59168209937624 74 206.3391825626235 82.82357488556377 75 165.78372223023837 135.29110571997967 76 220.3922583807593 139.25431380281498 77 141.95924562532022 131.65732368096124 78 192.9630261346235 154.81902570123714 79 235.61787554786514 147.62897902206504 80 176.76694052248638 144.88094989924332 81 181.02933966103637 137.1236530509272 82 143.11631034441626 82.0080021142127 83 191.15886029826763 79.05923720990602 84 146.4270218703946 77.13616614464513 85 250.48874125190167 108.18705279676404 86 202.19544403032617 133.6839739967724 87 250.10200462294387 88.08977901879285 88 132.4977019338478 142.16797543261762 89 231.256878487452 150.62346485554679 90 159.45662699082268 133.25867554460476 91 145.6169627488995 87.04695471159803 92 193.07247947136514 158.23368320226544 93 218.0656365296899 178.7730227427716 94 145.98488641848937 113.81121921757239 95 123.83379813679187 115.81747643990545 96 143.6239222678169 156.05598717245078 97 247.02790975730235 103.34514233622667 98 136.46256337176374 61.74255299004882 99 205.9387619098674 97.63101666017536 100 264.85684216040613 113.13126673622654 101 160.15793455812639 70.10258649616046 102 120.44492025691841 163.62108387588896 103 138.80469721469342 83.47638418386168 104 196.37036634676417 138.3160395646868 105 172.67089866287768 117.2401284990461 106 152.55144736372543 126.84235755054466 107 222.29390777928845 172.78732567774438 108 244.69436464615808 109.25677639487557 109 197.43923032960504 100.54571926640922 110 145.9396908497577 96.28587328505861 111 203.60790906488273 107.91069816947575 112 207.6947668836111 149.9309022557785 113 192.82135550439287 130.8711554345361 114 197.82968863535166 70.45964973977817 115 186.96528495453887 151.81733981800502 116 205.96555769381274 125.90387807308757 117 198.1155062242138 132.67954171107584 118 205.19367429322972 114.5625505627016 119 192.92663005058438 86.0133634267381 120 230.31774287558835 84.72617458664394 121 206.71575822055289 80.64444143987497 122 232.62047864120848 142.389214075973 123 235.32105115585486 118.69310113354207 124 206.21006399012 97.28586892465826 125 163.64739255643497 137.36699088655178 126 228.98992865060964 151.78131998660353 127 147.95583121421885 110.99456220698784 128 176.72996968605784 156.88906029446863 129 164.80944577582778 125.89940136201935 130 127.2280401393825 137.75527962120782 131 144.88470101723456 115.36857375454674 132 236.0843239144649 103.41726457629457 133 260.2769188939907 77.19212625796814 134 188.17746856242346 103.6390411195702 135 199.64570236103714 93.92279774774028 136 134.87915026207202 87.54254111574254 137 201.21588886309652 90.26004233925563 138 134.46738142229813 105.47040262802041 139 123.14373268778164 159.0245879655708 140 231.64292043070358 85.05720936834342 141 119.41807296860576 100.76048806055542 142 192.9397191827096 147.73409174300642 143 150.13362714046607 95.39452334012321 144 148.03870209324987 144.80981604345135 145 238.88094865384505 124.31836200177386 146 195.69217794050564 96.37678044668569 147 226.17958198339207 121.31448358643604 148 171.2129796969709 124.33652524133375 149 181.16223336499013 86.0968084250406 150 176.68577381649914 121.46934488506294 151 207.683416356596 108.16742662506213 152 162.74058486161044 101.17876274327304 153 207.16546979424135 140.4032000956531 154 222.50838541400645 80.18410423700757 155 158.21506421037552 163.75318009627208 156 234.18669816758148 142.7568781213637 157 179.1635079736311 107.02303463544665 158 255.45827257208015 65.10218277059991 159 236.08903343848039 102.18678828810165 160 215.5284666052188 126.61101838760614 161 225.6574401158697 157.7786298921767 162 187.56653684970397 115.33623025182234 163 247.48329820937408 67.68310484536558 164 206.26869706362243 102.67596656672855 165 221.8895070420366 138.91686070343263 166 156.47455685649228 105.76562306180816 167 222.52710991285522 74.21361816234295 168 118.91262622501512 114.5081937008567 169 242.73080809418684 86.19746165864403 170 171.63970986010065 127.7134403758051 171 187.11751610946726 118.21124064948657 172 213.2348736587989 117.73693881442387 173 241.85208427304548 147.18854860005106 174 192.40420720085677 134.21659716443753 175 187.21143374660647 81.3819177006808 176 211.87420733153107 114.4992841669536 177 157.90112746456398 153.25302652750233 178 159.13166752677208 105.72825065839913 179 241.99995944920755 108.02755229540433 180
3 0.9999705131921404 -0.0 -0.00767937147476903 1.1102230246251565e-16 0.1099870255 0.0 -0.0016894119000000001 1 db/frame_002.png
202.39860840234 116.49478750261962 1 223.39232007353985 145.41217439404065 2 190.18292250515938 156.7410253315357 3 147.78917383790773 143.6226143218461 4 136.09120292267372 116.75275811103003 5 176.09725369835428 150.91002535732568 6 232.86292017619797 122.94511107711402 7 152.49229885479917 85.92953720121864 8 215.9431210266814 87.58109231108801 9 150.9439938064304 101.33677386178299 10 190.13059171531765 98.88242528299129 11 163.29302277282196 79.06161864402218 12 158.51098777370078 96.49746971258742 13 242.06334258987872 169.5376656740803 14 153.35484621681724 128.2695401807761 15 186.7040372280531 141.4338187495108 16 118.53153737246862 102.77324138478488 17 186.9355372936069 114.7400769158439 18 134.23695967328806 97.80230471467503 19 147.79866552331197 65.84763356010546 20 216.2733231868903 139.6628397035832 21 225.1864178536036 146.95049080179524 22 93.02423159981039 115.83256034483978 23 216.01956880302134 128.6241426168657 24 126.236584742264 104.88560490434689 25 114.64777874162826 161.704753737624 26 204.63596786422312 159.19767539337732 27 157.03666170647432 113.03840487129195 28 131.93514163216332 128.69816170015926 29 191.76366275876944 125.38000707871787 30 170.0214152830693 156.69851868278886 31 206.79052588441905 96.27252492016275 32 102.34549488276204 81.26036045907472 33 193.7221641103647 112.73323141484245 34 210.6708165673251 105.93156701715405 35 153.52122387664437 103.507118029899 36 133.692484717433 105.57554257781112 37 211.23057733081 85.71310602515364 38 221.38220371697682 122.14738347149668 39 176.9334980447353 109.2604176035586 40 179.97458946722574 114.35769064905922 41 160.1383110841153 108.5400787198333 42 132.02335119211827 146.27286588527613 43 233.2243677437552 154.71870121089705 44 191.58238998883706 107.05380789448787 45 123.30991482829529 166.00965768084222 46 226.7224320215521 149.16766847176447 47 223.30609904497825 93.99780024600197 48 119.90906772062951 159.19798894326834 49 196.47722445484652 123.94584220937189 50 161.84256996978593 88.50069837752284 51 130.00023974956747 106.61709513136829 52 219.96680664964228 84.74214043162459 53 215.72712540990764 161.02125613715194 54 224.0129669896972 147.13095471419066 55 153.16147929397277 124.94867134089539 56 181.17465216506253 123.85657284386522 57 240.7308572438636 158.44625278545675 58 192.78979866100138 96.76365717830171 59 208.6386443229372 89.35037938969259 60 132.05406273786426 116.37299991393643 61 169.25684662022115 144.31495932700813 62 109.2587601684974 149.8187637849344 63 134.60610885393137 101.91561187469017 64 99.45178570822009 87.82718093023874 65 221.11529174176314 133.5260007346806 66 143.00974468421458 117.40962930240488 67 123.04906977587504 109.44649700102309 68 121.10253459214955 97.91195091454144 69 165.6923307265915 84.6317588910999 70 154.05660056054933 164.2275206200373 71 149.4839040364901 133.2180498692781 72 199.7669018031945 135.07276831086216 73 152.7654462320116 136.56874671804755 74 187.770914757669 83.03122258289928 75 144.9731423728024 135.27629032659746 76 201.15709767298262 139.11463667537393 77 122.02313255961252 131.67952180476917 78 172.4378343586357 154.6748166397366 79 215.19858688838684 147.3781049850719 80 158.57525383124369 144.82852359893562 81 159.21851852045916 137.07535231730014 82 123.62275618299006 81.93988664429901 83 172.45316210328076 79.21579025765469 84 128.1139156430638 77.07317767009789 85 231.15849835551973 108.31372637123093 86 184.44182995298445 133.61479424305924 87 230.55483766067672 88.43095145795245 88 113.54200538525649 142.2364661994434 89 214.05909595253925 150.3665389623835 90 138.44745030579986 133.25557671730314 91 127.53269621433515 86.99491255236123 92 175.03636383357258 158.08043767434836 93 195.50798425492007 178.35106002207496 94 129.12532345710122 113.8012665495416 95 102.19045295369835 115.80089179385287 96 126.52870964374165 156.1235843133656 97 227.9332647037089 103.51690648266909 98 115.47776752111923 61.597124781859996 99 186.8825637991266 97.75555661798818 100 242.8941815063069 113.21724082585465 101 140.85092097880258 70.11336133637519 102 98.29405224838499 163.8104356769569 103 121.06991166242142 83.38835274958916 104 178.33403113461662 138.2355742926994 105 154.72491620520307 117.24457467150741 106 132.56677487403306 126.84676402242617 107 200.7775514930148 172.38573722500377 108 223.0249408895806 109.36630995228583 109 178.35114811451575 100.63481271300762 110 129.2739224493271 96.24733696816836 111 184.5489220206897 107.97472987526925 112 191.1445561475283 149.7625498299956 113 176.20571712531697 130.8288092242744 114 177.9073149887595 70.69120981497113 115 164.96767490873484 151.7051171493009 116 188.67091017216163 125.8715996780636 117 181.7287125396698 132.62248593549796 118 183.5382204807874 114.59318168210555 119 173.05236306450175 86.15267993975274 120 211.1801379927116 85.02229356037441 121 188.64029450344754 80.86484614213882 122 213.14828302307063 142.19488107853516 123 215.71222637942265 118.70486146968908 124 186.00663634426633 97.41457538953455 125 147.39151352885622 137.35921527371357 126 211.45578944017782 151.5223632190012 127 131.65260522326145 110.98189066312793 128 158.84993331213838 156.81216991796458 129 143.87890037217167 125.89432154538792 130 109.749048339292 137.82287280241187 131 127.01754858745838 115.36079687350643 132 216.66048239236522 103.56776432403598 133 237.33283719998445 77.70803842261633 134 170.86510999535778 103.69455780310982 135 182.11543437185247 94.0465440929595 136 118.62436301365798 87.44627320385837 137 182.07988701923767 90.40941428253451 138 117.9339045423043 105.4268351719223 139 103.6070811177977 159.1874460714564 140 210.55750218730185 85.35986061078475 141 98.29237011737395 100.67343017357928 142 176.52405878840793 147.62600216694761 143 133.15770100170573 95.36724037726528 144 128.04482427388342 144.83905584464367 145 218.90719668753928 124.27764266132532 146 177.98546861955498 96.47823390735749 147 208.7659555774697 121.30420867232124 148 152.83900744038957 124.33017361236439 149 164.7430375073095 86.18219888919828 150 156.15119238317806 121.46605989472467 151 186.0683563453252 108.2374798638926 152 145.87849256030128 101.18584862689104 153 190.37924231902736 140.28941109252554 154 204.08804741213282 80.48078790406879 155 137.12251255437107 163.74915953749493 156 215.87273717817743 142.5567878428481 157 161.4855803089224 107.05363764170174 158 232.43441928919142 65.73386118594533 159 217.08059559310644 102.34803336760586 160 193.22270223222924 126.56559418186467 161 208.81568134358645 157.48686671296684 162 169.80381313490955 115.35184568173125 163 224.27016000630869 68.23793408656488 164 188.7450481311445 102.77152598995877 165 204.11043095360174 138.77796697113484 166 139.94842474980274 105.7601549229039 167 201.39955788765417 74.56213871864158 168 99.15526029942768 114.48256312699311 169 221.163013748159 86.53428416663883 170 153.51032028491795 127.70186652856438 171 170.6996858373913 118.21699425721268 172 196.34822617963223 117.7511682872022 173 220.98211069105474 146.92147866113544 174 175.67825850290458 134.16182027195183 175 170.22277691263645 81.5078560334529 176 192.01036887183733 114.5339622226555 177 141.36734386469757 153.2601726694283 178 138.61605492570808 105.73062154136937 179 224.35335235765672 108.14311016459676 180
4 0.9999705131921404 -0.0 0.00767937147476903 -1.1102230246251565e-16 -0.1099870255 0.0 -0.0016894119000000001 1 db/frame_003.png
186.09551875716613 116.50893572808569 1 205.83573921543353 145.24880399393734 2 172.61637735018087 156.6482921909482 3 129.60166204891192 143.6821209200055 4 119.29526145690818 116.7403452254792 5 157.7278893670031 150.88480350786648 6 211.33758806816775 122.92359414410495 7 133.05605231467536 85.86016244724321 8 199.28007673703934 87.76286512074873 9 133.17124397369057 101.29718710281807 10 169.21375177450298 98.93142287243694 11 145.63613129587412 79.03484868308988 12 141.8500257328593 96.4701992414193 13 221.7124459894428 169.1189283897559 14 133.88703442242868 128.28555019045623 15 170.46805065491833 141.38682364186718 16 99.95397922298054 102.66967529466237 17 170.5605388463429 114.75171001487763 18 115.0582156429036 97.70944246863021 19 126.93888279420726 65.70272654189873 20 197.08587858845772 139.5547504033663 21 205.85634004768568 146.77437091830996 22 71.23744084813913 115.79406507457254 23 199.28743630036914 128.57574471015732 24 109.22201324430551 104.80996550146696 25 97.05748962878894 161.97228762231052 26 187.20065061711168 159.03176132174826 27 140.82258036948434 113.02929739548128 28 113.49698169803844 128.73654308618376 29 175.00199224975051 125.36517109262866 30 153.49296274623765 156.69090384404774 31 188.8513460982868 96.37826404022827 32 82.26648206339334 80.94944785388537 33 177.17635724023592 112.75503876477487 34 194.21657083580766 106.00190850022726 35 131.3487659472431 103.47287581662064 36 115.37365774282097 105.51500161770241 37 193.27581466920063 85.88376377414676 38 203.2728391840314 122.13415473157275 39 159.6134449251196 109.270905579044 40 162.7407453020587 114.36525348351506 41 140.43794684073546 108.526928538783 42 114.76578510444503 146.38668681077422 43 213.16586789273052 154.46058036744336 44 170.89899477938445 107.08623826445823 45 102.01214627987234 166.26756336758115 46 206.5342253445599 148.97327679332065 47 202.42732971994332 94.15961642368293 48 101.28874707989978 159.42732952568036 49 179.8098142704036 123.93274936602609 50 143.2245847799413 88.4729129578161 51 113.57713671139331 106.55656613643244 52 203.08319143238293 84.95602961828487 53 197.6636214857245 160.79567327224672 54 205.49828621925397 146.95608874899756 55 135.80277456237002 124.95774843917273 56 164.8133117489918 123.85065924856198 57 218.69692814933336 158.13107347113956 58 176.08675783423124 96.83062229771735 59 187.0508042146545 89.4870373889519 60 110.7543601128407 116.35643245799835 61 149.9922566402932 144.3160373724616 62 89.13534466589684 150.03363034366933 63 117.07733057350515 101.84251436598565 64 78.44822583417422 87.55612421514806 65 203.8655969776512 133.4424144181183 66 126.39659100275297 117.40187906627496 67 102.3951163968967 109.38741506701844 68 104.25418725459596 97.78816620099909 69 147.18225767222023 84.61687562866572 70 134.03653583234345 164.31091753197921 71 132.539733918314 133.24772354755973 72 182.79698048136933 135.01718833462417 73 134.77227732556625 136.60053558370782 74 169.40484462597558 83.11228205063307 75 124.06227297253444 135.32232582519734 76 182.22764137859298 139.04323361699252 77 101.81656867826067 131.74602110495923 78 152.0278154346092 154.66567549513388 79 195.21423709649525 147.23234435415844 80 140.38628917639076 144.85938545774547 81 137.42364265359558 137.09891599779803 82 103.87729654278799 81.73145356721759 83 153.84713726676102 79.23095917514397 84 109.59681781728005 76.86409812456299 85 212.3385869035307 108.39863104919267 86 166.85676007804696 133.5896562877857 87 211.52169558324368 88.65768092364458 88 94.2709088353118 142.38424869313263 89 197.19899335439507 150.2033455476683 90 117.2844203445351 133.30596950171685 91 109.24347330603396 86.83232655312695 92 157.11132223166993 158.05313340125775 93 173.28201893587593 178.1832220328048 94 112.08669976794258 113.77236131302551 95 80.08516102241602 115.76660914185473 96 109.23535068838011 156.30370708717513 97 209.31974964593357 103.6306283574292 98 94.15386581200363 61.215318211810484 99 168.02997445046316 97.801363901086 100 221.62570689028007 113.27486877146438 101 121.42005113922758 69.94303146607473 102 75.63551185626393 164.18987882998826 103 103.09268477049137 83.1805864856997 104 160.43035488159074 138.21538112710306 105 136.7558323356152 117.23993077132548 106 112.39099728149631 126.87716700891991 107 179.6142259901799 172.19928539652688 108 201.88717190693035 109.43197229136986 109 159.4075022354128 100.65510737499633 110 112.43243151751082 96.13727212389205 111 165.67735564101287 107.99617215008875 112 174.7852295857813 149.68194019425187 113 159.69488956507067 130.81864674784396 114 158.13552365075597 70.73789371195292 115 143.03533251558588 151.7275815615071 116 171.56444830908913 125.85766650372985 117 165.47634742843198 132.60222506074362 118 162.0992934446847 114.6013594528273 119 153.29216237601892 86.16535673338369 120 192.41417243186146 85.19451120565066 121 170.7650644358321 80.95579743472526 122 194.07009197635261 142.08087708349362 123 196.51885351792663 118.71189522413438 124 166.0178248265318 97.45723963761463 125 131.07049241665487 137.40184572877038 126 194.25294063407856 151.36323530231866 127 115.1921081541009 110.94285065728516 128 140.97389240024475 156.85605131957718 129 122.83877605942143 125.91289324020768 130 91.95982327216333 137.9477956369392 131 108.94489346144226 115.3377195939689 132 197.65326224271502 103.65901604836708 133 215.0790282080009 78.03736430984424 134 153.63108410096115 103.69888612648383 135 164.73607596580936 94.08766073265289 136 102.13732570310052 87.25495173965056 137 163.11508408070367 90.45340104891774 138 101.1591448887621 105.33974355896603 139 83.67091070832905 159.49573642412435 140 189.89078860224356 85.52400346397818 141 76.68601839551303 100.50724419707173 142 160.2131300566404 147.5987125429727 143 116.02608102627184 95.26402229640746 144 107.82536321041647 144.9627435111329 145 199.38180920238472 124.2528900265703 146 160.40559345538912 96.5037630525757 147 191.66445030084822 121.2980293805646 148 134.42905322664538 124.33855047817889 149 148.36001360723003 86.16842357726176 150 135.60508886077966 121.46850666443466 151 164.68986597100078 108.25882082799907 152 128.93962736439278 101.13558750916627 153 173.7833307088348 140.23657072690168 154 185.9747767223594 80.64393786197382 155 115.86474214811903 163.92259393329277 156 197.9384562280907 142.43218685194154 157 143.82831723338683 107.0424061628872 158 210.0640323218112 66.12490532690296 159 198.4795484551182 102.44735150978222 160 171.2244586859587 126.54838789152038 161 192.2721378557065 157.30780412895132 162 152.11588456453504 115.35237252648933 163 201.64936555713376 68.56060700594152 164 171.41362287574356 102.8123306724798 165 186.6238816535693 138.6997016836148 166 123.31179864843746 105.7123658729214 167 180.62126777927548 74.72821793202829 168 78.96009912768743 114.43614822858856 169 200.10926354261454 86.73378513623435 170 135.34967860260366 127.71604083746504 171 154.3527867093086 118.21752612417419 172 179.68865059152571 117.75859711066339 173 200.60293147859898 146.7604928443086 174 159.05505312358835 134.14950516672673 175 153.3061890718258 81.5158761025775 176 172.39988089372372 114.54827605992683 177 124.73145621233678 153.36620101801512 178 117.95146946779215 105.67708054420412 179 207.11792991819183 108.22089707916058 180
5 0.9997346290437261 0.0 0.023036308098369162 -1.1102230246251565e-16 -0.3296497578 0.0 -0.0151999287 1 db/frame_004.png
169.93506126010251 116.51299902756746 1 188.5574384582382 145.16537409108548 2 155.1198274029285 156.67273561944972 3 111.1970791775484 143.8217687021737 4 102.24333738356027 116.71795677884312 5 139.3303103538087 150.96461245327848 6 190.2092499626716 122.91402546259464 7 113.40671357637322 85.66519527477776 8 182.84026824720775 87.8491290286239 9 115.21173190968833 101.19622233094694 10 148.35089357337142 98.89632980727093 11 127.87507192405302 78.87523319035303 12 125.07109796028605 96.3721191708979 13 201.8096472313007 168.88695911562797 14 114.21174373005863 128.33209612993232 15 154.28453961956262 141.40153729130037 16 80.94964565406994 102.50536064454708 17 154.2389711382566 114.74802819706449 18 95.541117006347 97.53554683814609 19 105.79459513716628 65.3392520765292 20 178.14721667796255 139.5161853329289 21 186.83860879988157 146.69410853682504 22 48.68663430987009 115.73743590379812 23 182.77971952104164 128.55289266640125 24 91.88531269731699 104.68691619112461 25 79.05307909447389 162.37706917986833 26 169.9264477317858 158.98894080606405 27 124.48933098656721 112.99994787969575 28 94.7277112464935 128.80514536312074 29 158.32155769986826 125.36646063442572 30 136.91723215952973 156.79219723804673 31 171.0892787719796 96.40674874287853 32 61.5821508436903 80.48681222918106 33 160.72348858019845 112.7554519163359 34 177.95324548973355 106.03140585718961 35 108.90492559649277 103.36700576525672 36 96.73930106731663 105.40479520795276 37 175.52688585668358 85.9428555092235 38 185.43598917149586 122.12796324415201 39 142.28066066337433 109.24759079094255 40 145.51397256443215 114.35519394764839 41 120.57545478067729 108.47093693342946 42 97.21404299575654 146.58427920039367 43 193.48654087181743 154.33144247000791 44 150.2825305002435 107.06786213591239 45 80.21807238530282 166.71787800741734 46 186.67952020453845 148.8884016169866 47 181.86353918013543 94.21947643775174 48 82.24937167373214 159.79523301352117 49 163.2516956661178 123.93137393353125 50 124.47679270632969 88.33561282101013 51 96.87276118456913 106.4560350136902 52 186.44874062826122 85.06439384335467 53 179.83577921101946 160.70437831411064 54 187.27807908735986 146.87260704748923 55 118.2802230872951 124.98259452193179 56 148.47184022021077 123.85598760127793 57 197.13041160593627 157.97593358981024 58 159.47112364734994 96.82829038867752 59 165.66496460836606 89.4977072641326 60 89.02933534618921 116.32474726828077 61 130.6401238878256 144.405154647738 62 68.45558583197972 150.3652993204088 63 99.26259113000182 101.71062683402847 64 56.77229353326247 87.15161229563022 65 186.87641791538388 133.40044709451217 66 109.57360855238531 117.38630659369451 67 81.26776094190924 109.28584992100572 68 87.05843293703035 97.59585237958866 69 128.57080595559668 84.48012601564488 70 113.80170653436025 164.56345122847318 71 115.417370786263 133.31826171060044 72 165.95664220574173 135.0073823090796 73 116.59963938163531 136.68765169472204 74 151.08992807832507 83.06833359105269 75 102.84285590516579 135.43027635108072 76 163.44031753704303 139.03865895842898 77 81.14592283057958 131.85828229349522 78 131.5374587799333 154.79139703193349 79 175.47665999588014 147.18853849718212 80 122.0528656180552 144.97412993374968 81 115.41523324093052 137.19491967584554 82 83.69709843484114 81.37825915461931 83 135.18515626770957 79.10504532814981 84 90.72009592324679 76.5048299075714 85 193.86469705132282 108.4434524596076 86 149.3048705750222 133.60809793043825 87 192.83375690450424 88.77453960231651 88 74.5110188583716 142.6143606355061 89 180.5531314378575 150.13107847347987 90 95.75262937227099 133.41103534733213 91 90.5983310006143 86.55606386337709 92 139.15554144708028 158.1512545929585 93 151.14652456735197 178.26531171222354 94 94.7427566282295 113.72399781007243 95 57.27416455973953 115.71378911879299 96 91.61255793833128 156.59956899371278 97 191.02784627659 103.68853570284158 98 72.26933361305346 60.58815860326247 99 149.219851383719 97.76936360963803 100 200.82851698401345 113.30549000976028 101 101.6910607770534 69.58802352039697 102 52.209993365589796 164.7689858254376 103 84.72780226756656 82.84918460568781 104 142.51789375476415 138.25507931413165 105 118.62078090645562 117.22610884556858 106 91.83230290699385 126.9342353114071 107 158.5891759933199 172.22359688560834 108 181.0645329245719 109.45529095780354 109 140.4454734950314 100.60701614492211 110 95.2926374734542 95.9537840069292 111 146.83175196533713 107.9754587514493 112 158.50383891777224 149.68773440893594 113 143.173670182046 130.84049660727314 114 138.33337590994495 70.6007066395594 115 120.93541480117716 151.88528640768683 116 154.51976035717428 125.86183209186636 117 149.24765547887398 132.61842506379446 118 140.65632678083762 114.58727943585937 119 133.46541615512712 86.05166661485666 120 173.85892465472483 85.24626326070498 121 152.94887042422374 80.91900425618527 122 175.2181219346601 142.04487823599473 123 177.57039035488137 118.71434679965151 124 146.0575377789909 97.4147929015837 125 114.57214413734152 137.49558836140477 126 177.2517561974339 151.30111873276917 127 98.45885194976262 110.8767907460391 128 122.96093573799915 157.02153012254624 129 101.477598248047 125.95554908867634 130 73.71771013292266 138.13234729208955 131 90.52014571643895 115.29890446061765 132 178.89605388890845 103.69286807383934 133 193.2683030554757 78.1882471788122 134 136.34698177378053 103.65210358682924 135 147.37628467484754 94.04689178590046 136 85.30105887114138 86.96539506698451 137 144.1581177831415 90.39289858072443 138 84.02080970176057 105.20764425794651 139 63.1453939729511 159.95605707386193 140 169.43914524070684 85.5533613173174 141 54.367514112530245 100.25798747519902 142 143.89525863804636 147.6517704232384 143 98.61105168715878 95.08304697821767 144 87.1870485304027 145.18360388325985 145 180.12658012948444 124.24358475820198 146 142.81745477429337 96.45383743040681 147 174.7475653446675 121.29583708267536 148 115.83125725864556 124.36181973167795 149 131.9002733106415 86.05525261489261 150 114.84850441917527 121.47674056585014 151 143.32878271896362 108.231957879486 152 111.80058981887001 101.02710283340657 153 157.26060894507623 140.24378326601078 154 168.02172750761673 80.67666367681545 155 94.224391335624 164.27757166822875 156 180.23960156302826 142.38074242840196 157 126.05515076335678 106.9891323502545 158 188.09769395571385 66.28507082741028 159 180.12786652713268 102.48669617862255 160 149.29855885457144 126.55897472125658 161 175.9095526773572 157.23843755594962 162 134.36564095163308 115.33782056130183 163 179.3661331525982 68.6593152842467 164 154.1437667723648 102.79911552450493 165 169.29537872486415 138.68064346900013 166 106.44652021684684 105.62144430198884 167 159.98677048626524 74.71565887071489 168 58.130552287714764 114.3679408673981 169 179.3553413133198 86.8005848082451 170 117.01103375384413 127.75623559484774 171 137.96457172753384 118.21284509864137 172 163.13759218815284 117.75935170592864 173 180.51654209043272 146.70201877700313 174 142.41738478559364 134.17944215752414 175 136.3391760175447 81.4061178654446 176 152.86489839860724 114.54253006293555 177 107.87539331048562 153.57291286009138 178 96.93510651702556 105.5664105526604 179 190.16223244376994 108.26228563458186 180
6 0.9992629163714943 -0.0 0.03838781010602255 -0.0 -0.5483790125000001 0.0 -0.0421954665 1 db/frame_005.png
153.8081173600624 116.50705012979218 1 171.42726931648522 145.16034349839694 2 137.55984925030486 156.814725130007 3 92.4214827030996 144.0442208244052 4 84.80740905781741 116.68520851013918 5 120.752765679032 151.15094240907428 6 169.26400989517538 122.91617308662876 7 93.36360619969399 85.34057827535138 8 166.50924372574423 87.84138379331947 9 96.92099370704126 101.03201790929921 10 127.33555995432299 98.77639548042322 11 109.8703024677161 78.57988836122091 12 108.05317039477468 96.20158788338006 13 182.16895548142017 168.83664084500037 14 94.1477982451701 128.410148212491 15 138.04410090350004 141.47816223846803 16 61.34779138739185 102.27704479972718 17 137.85902045517471 114.72898002861031 18 75.5057245194276 97.27703343631593 19 84.14881063605438 64.74887653637259 20 159.29429525665728 139.5463146691938 21 167.9680302415086 146.708004919473 22 25.106119618340188 115.66128696233292 23 166.3807605742877 128.55518676510874 24 74.09182782731422 104.51430160483305 25 60.484787326319974 162.92653103871245 26 152.68406003521034 159.0683653925235 27 107.92387042689555 112.94988306588526 28 75.46373704594453 128.9053099059571 29 141.60416868710354 125.38388742514137 30 120.17748622504288 157.00404620085467 31 153.3655977464041 96.358560953855 32 40.07886241067244 79.8622839193969 33 144.24943583535736 112.73449140413658 34 161.76969894761712 106.02057023361446 35 85.93974777952967 103.18688704678547 36 77.6289706840416 105.24278850134986 37 157.8451873588114 85.89155385079516 38 167.73087042494365 122.12868876711448 39 124.80459585112983 109.19007474894386 40 128.1658266809426 114.32734355242637 41 100.36604854067537 108.37092425589728 42 79.22990201472493 146.869169593673 43 174.00620440041175 154.3284541097598 44 129.53248446424175 106.9982976517666 45 57.68981150664368 167.37129582940196 46 166.97468211311656 148.9111377467527 47 161.41497651397063 94.17880492570579 48 62.619633435571444 160.3090042814867 49 146.68685359321907 123.94168515122134 50 105.43924140497154 88.08612375501826 51 79.76501815850293 106.3138276204458 52 169.94534035362807 85.0691362675774 53 162.10327278353927 160.74557626715853 54 169.2037753530451 146.87884521178168 55 100.45826141329817 125.02365226041923 56 132.03800117791164 123.87263939530985 57 175.80592616666397 157.97700685700127 58 142.8258719875387 96.75666610904307 59 144.26204016017414 89.38273459754984 60 66.64459922732644 116.27719318542997 61 111.02790149214513 144.58411367633664 62 47.0074120885826 150.82108564805662 63 81.01868240720192 101.5175454713099 64 34.183964504519764 86.60420591613098 65 170.02312688551774 133.39933973483528 66 92.41776836360913 117.36264940339474 67 59.44636559307587 109.13948494498736 68 69.38274095887195 97.33168536731156 69 109.70118926882245 84.21887961385558 70 93.15803056149265 164.99058419140354 71 97.98868961137651 133.43088242972732 72 149.12473382118444 135.04315083382633 73 98.09887698247081 136.83172685395476 74 132.67646594589533 82.89860676283315 75 81.09561008729797 135.60262837965618 76 144.63567768237849 139.1007748991419 77 59.80183002860329 132.01879306580247 78 110.76831745180343 155.05472018372438 79 155.80544426657505 147.2456770218736 80 103.42349106851891 145.17492833567 81 92.95565548943812 137.36567832655982 82 62.88503787904611 80.87271564873836 83 116.30977428625587 78.8356349473134 84 71.31727995030136 75.98830126957563 85 175.5826063721403 108.44909255329334 86 131.6515932692957 133.67042898667938 87 174.33241371774935 88.78391978108081 88 54.073420356245805 142.93159045253944 89 164.00347155896915 150.14845179562482 90 73.62381824293944 133.57323923561196 91 71.4357634984745 86.16077720032108 92 121.02621374098041 158.37657482237995 93 128.86331781468712 178.59919257576686 94 76.95904281272864 113.65532761096469 95 33.48682315149571 115.6411132228046 96 73.52002123686472 157.01647136297967 97 172.90728019210354 103.69178248102455 98 49.582244159729726 59.700714172512996 99 130.2921694587325 97.65896381807681 100 180.2957754124319 113.30982146290498 101 81.480056533588 69.04090731231388 102 27.728026813373702 165.56268237651625 103 65.81885020377095 82.38787705135451 104 124.45483063585166 138.35537807648802 105 100.17204670080758 117.20285084818453 106 70.68589708169739 127.01922834219033 107 137.4922055554246 172.4590872234158 108 160.35114965240254 109.436831702178 109 121.30151741091576 100.4896061986564 110 77.72408639339574 95.69370597744575 111 127.85127371559952 107.9121998897797 112 142.18928861058683 149.7799737464272 113 126.52651260108475 130.89470728108847 114 118.31875198360267 70.2768175460644 115 98.42855797742601 152.18204755216055 116 137.41196507044063 125.8841581374574 117 132.9323889023966 132.6713297640589 118 118.98831516536927 114.55062074072856 119 113.38916635409282 85.80924240006064 120 155.3595784862174 85.17865376903978 121 135.05204473552962 80.75386226901364 122 156.4312887585657 142.0861050117939 123 158.70361029744058 118.7122691017623 124 125.94039872087794 97.2863692593389 125 97.77978712631321 137.64198044684179 126 160.32782996563327 151.3348627798721 127 81.3303777705807 110.78260765746506 128 104.66616295274576 157.3116626212294 129 79.57233370536638 126.02328008886921 130 54.86718173662587 138.37996914220315 131 71.58645786010115 115.24361228046901 132 160.22962546704156 103.67003721828374 133 171.6694670542381 78.16448288895225 134 118.88294968647014 103.55340332467529 135 129.9051386746621 93.92355368170129 136 67.98965625325567 86.57274923405899 137 125.04569693759044 90.22674618263993 138 66.3870814046864 105.02826783106458 139 41.82113467761211 160.57843140813165 140 149.00595919958917 85.44869010293209 141 31.079042838115157 99.91962288951714 142 127.45852173938299 147.7860053691718 143 80.77722802346258 94.82111821665353 144 65.92238136638998 145.50653032587707 145 160.97155869471513 124.24952333848027 146 125.0856132593876 96.32758786303316 147 157.89253806769068 121.29759104805095 148 96.88809146150848 124.40043114127324 149 115.24893297289145 85.84085130489018 150 93.6750770962847 121.49094569484382 151 121.76627278669542 108.15628599799751 152 94.33263002798158 100.85851808671084 153 140.69571703974077 140.31113221160115 154 150.086471341997 80.57967142591004 155 71.97017014506089 164.82247371037448 156 162.63836192055757 142.40145455830265 157 108.0261806089182 106.89285162583109 158 166.30066173832438 66.218459518739 159 161.87468186874466 102.46687237210841 160 127.2121627176637 126.5975951512072 161 159.6151126079454 157.277545621978 162 116.41412405646817 115.30792877251943 163 157.17808446488903 68.53669758633177 164 136.80637286339396 102.73167862527458 165 151.99460784350347 138.72041021784665 166 89.22848662024984 105.48585260015871 167 139.29525103693976 74.52430319453296 168 36.44860855320188 114.27643057102162 169 158.6971084637465 86.73630594612841 170 98.34236163021535 127.82321295584029 171 121.42168859445695 118.20287638934894 172 146.57916324848594 117.75344909734606 173 160.53438686939512 146.7447029856111 174 125.64759424420174 134.25211456753038 175 119.19783387951662 81.17673592662993 176 133.2297755931413 114.51661640229493 177 90.67535786236076 153.88380172203418 178 75.35182324662799 105.39609539860257 179 173.36206121068363 108.26801849198854 180
