# 3D point list with one line of data per point:
1 0.9211453199386597 -0.0941234603524208 6.998292922973633 162 130 193 0.0 1 0 2 0 3 0 4 0 5 0 6 0
2 1.3031976222991943 0.6046708822250366 6.209015846252441 40 188 109 0.0 1 1 2 1 3 1 4 1 5 1 6 1
3 0.4941193461418152 0.84762042760849 6.0082221031188965 163 164 241 0.0 1 2 2 2 3 2 4 2 5 2 6 2
4 -0.4617871344089508 0.512890636920929 5.640343189239502 69 107 133 0.0 1 3 2 3 3 3 4 3 5 3 6 3
5 -0.8181105256080627 -0.08241855353116989 6.588986396789551 81 145 69 0.0 1 4 2 4 3 4 4 4 5 4 6 4
6 0.1465141624212265 0.655158519744873 5.515462875366211 190 70 52 0.0 1 5 2 5 3 5 4 5 5 5 6 5
7 1.0438657999038696 0.049349479377269745 4.374903202056885 132 80 70 0.0 1 6 2 6 3 6 4 6 5 6 6 6
8 -0.33190956711769104 -0.6574417948722839 5.014281749725342 166 130 209 0.0 1 7 2 7 3 7 4 7 5 7 6 7
9 1.245452642440796 -0.8459654450416565 6.806272506713867 59 189 61 0.0 1 8 2 8 3 8 4 8 5 8 6 8
10 -0.40484142303466797 -0.4217238426208496 5.871257781982422 94 73 209 0.0 1 9 2 9 3 9 4 9 5 9 6 9
11 0.3357856869697571 -0.36021867394447327 4.442389965057373 107 167 143 0.0 1 10 2 10 3 10 4 10 5 10 6 10
12 -0.12595105171203613 -0.9321779012680054 5.920722961425781 62 166 247 0.0 1 11 2 11 3 11 4 11 5 11 6 11
13 -0.2493252158164978 -0.5973184704780579 6.606557846069336 57 215 199 0.0 1 12 2 12 3 12 4 12 5 12 6 12
14 1.3451052904129028 0.9234185218811035 4.869513511657715 125 160 121 0.0 1 13 2 13 3 13 4 13 5 13 6 13
15 -0.3146309554576874 0.1590787172317505 4.998990535736084 157 139 187 0.0 1 14 2 14 3 14 4 14 5 14 6 14
16 0.4980463981628418 0.5739347338676453 6.972197532653809 106 68 196 0.0 1 15 2 15 3 15 4 15 5 15 6 15
17 -1.085263967514038 -0.3695962727069855 5.563920021057129 46 113 117 0.0 1 16 2 16 3 16 4 16 5 16 6 16
18 0.4940606951713562 -0.13851015269756317 6.856695652008057 182 225 120 0.0 1 17 2 17 3 17 4 17 5 17 6 17
19 -0.7040046453475952 -0.443164199590683 5.182238578796387 40 71 221 0.0 1 18 2 18 3 18 4 18 5 18 6 18
20 -0.388460636138916 -0.9312205910682678 4.467289447784424 220 235 238 0.0 1 19 2 19 3 19 4 19 5 19 6 19
21 0.9381548762321472 0.3942664861679077 5.230065822601318 133 193 104 0.0 1 20 2 20 3 20 4 20 5 20 6 20
22 1.1121985912322998 0.5383434295654297 5.21295690536499 47 179 81 0.0 1 21 2 21 3 21 4 21 5 21 6 21
23 -1.3088366985321045 -0.07040596753358841 4.374621391296387 150 46 125 0.0 1 22 2 22 3 22 4 22 5 22 6 22
24 1.2364556789398193 0.22322316467761993 6.751190662384033 131 58 232 0.0 1 23 2 23 3 23 4 23 5 23 6 23
25 -1.0545320510864258 -0.37814706563949585 6.491199493408203 59 111 163 0.0 1 24 2 24 3 24 4 24 5 24 6 24
26 -1.286519169807434 0.994455099105835 6.182392597198486 247 121 187 0.0 1 25 2 25 3 25 4 25 5 25 6 25
27 0.8498355746269226 0.9258266091346741 6.156518459320068 189 144 210 0.0 1 26 2 26 3 26 4 26 5 26 6 26
28 -0.2964912950992584 -0.18663743138313293 6.968448162078857 200 138 197 0.0 1 27 2 27 3 27 4 27 5 27 6 27
29 -0.7971356511116028 0.18645678460597992 5.563552379608154 112 85 250 0.0 1 28 2 28 3 28 4 28 5 28 6 28
30 0.5904683470726013 0.13572071492671967 6.5705180168151855 238 156 253 0.0 1 29 2 29 3 29 4 29 5 29 6 29
31 0.04525132477283478 0.9453160762786865 6.700507164001465 172 72 143 0.0 1 30 2 30 3 30 4 30 5 30 6 30
32 0.8502664566040039 -0.5324541330337524 5.849943161010742 210 218 198 0.0 1 31 2 31 3 31 4 31 5 31 6 31
33 -1.288878083229065 -0.7408934831619263 4.954964637756348 149 41 185 0.0 1 32 2 32 3 32 4 32 5 32 6 32
34 0.6599125862121582 -0.18821768462657928 6.746920108795166 125 59 208 0.0 1 33 2 33 3 33 4 33 5 33 6 33
35 1.1309670209884644 -0.3740696609020233 6.9330925941467285 78 154 251 0.0 1 34 2 34 3 34 4 34 5 34 6 34
36 -0.27300477027893066 -0.2567448616027832 4.045396327972412 75 94 61 0.0 1 35 2 35 3 35 4 35 5 35 6 35
37 -0.7660142779350281 -0.31232374906539917 5.620204925537109 196 121 113 0.0 1 36 2 36 3 36 4 36 5 36 6 36
38 0.9524726867675781 -0.7712857127189636 5.865725040435791 59 233 232 0.0 1 37 2 37 3 37 4 37 5 37 6 37
39 1.174497365951538 0.048069387674331665 5.840541839599609 93 143 199 0.0 1 38 2 38 3 38 4 38 5 38 6 38
40 0.19514396786689758 -0.25328731536865234 6.13737154006958 132 138 115 0.0 1 39 2 39 3 39 4 39 5 39 6 39
41 0.27059993147850037 -0.1343921422958374 6.199423313140869 100 202 177 0.0 1 40 2 40 3 40 4 40 5 40 6 40
42 -0.18252244591712952 -0.21559832990169525 4.890907287597656 244 131 115 0.0 1 41 2 41 3 41 4 41 5 41 6 41
43 -0.8835521936416626 0.6357727646827698 6.280557632446289 90 76 40 0.0 1 42 2 42 3 42 4 42 5 42 6 42
44 1.1981359720230103 0.6560978293418884 4.9340314865112305 248 83 134 0.0 1 43 2 43 3 43 4 43 5 43 6 43
45 0.3694732189178467 -0.22502221167087555 4.527047157287598 243 116 156 0.0 1 44 2 44 3 44 4 44 5 44 6 44
46 -0.7979887127876282 0.7781457901000977 4.387243270874023 101 210 158 0.0 1 45 2 45 3 45 4 45 5 45 6 45
47 1.053412675857544 0.5410279631614685 4.841151237487793 56 128 206 0.0 1 46 2 46 3 46 4 46 5 46 6 46
48 0.9255470633506775 -0.4540306031703949 4.556363582611084 161 82 182 0.0 1 47 2 47 3 47 4 47 5 47 6 47
49 -1.0502620935440063 0.8361369967460632 5.5323028564453125 97 104 87 0.0 1 48 2 48 3 48 4 48 5 48 6 48
50 0.7208877205848694 0.10094135999679565 6.66478967666626 225 192 235 0.0 1 49 2 49 3 49 4 49 5 49 6 49
51 -0.15456272661685944 -0.6526376008987427 5.38692045211792 165 110 79 0.0 1 50 2 50 3 50 4 50 5 50 6 50
52 -1.01706063747406 -0.3571441173553467 6.9253997802734375 232 110 166 0.0 1 51 2 51 3 51 4 51 5 51 6 51
53 1.3203699588775635 -0.9011053442955017 6.667723655700684 219 231 155 0.0 1 52 2 52 3 52 4 52 5 52 6 52
54 1.0459496974945068 0.9167000651359558 5.828648567199707 195 220 101 0.0 1 53 2 53 3 53 4 53 5 53 6 53
55 1.1837267875671387 0.5848811864852905 5.625536918640137 139 96 73 0.0 1 54 2 54 3 54 4 54 5 54 6 54
56 -0.365298330783844 0.1166469156742096 6.125355243682861 77 58 210 0.0 1 55 2 55 3 55 4 55 5 55 6 55
57 0.3421018421649933 0.10149390250444412 6.850203514099121 179 72 227 0.0 1 56 2 56 3 56 4 56 5 56 6 56
58 1.137898564338684 0.6252855658531189 4.24827766418457 230 168 115 0.0 1 57 2 57 3 57 4 57 5 57 6 57
59 0.6217325329780579 -0.5905227065086365 6.619595050811768 87 101 243 0.0 1 58 2 58 3 58 4 58 5 58 6 58
60 0.6196265816688538 -0.5009610652923584 4.261349201202393 148 91 219 0.0 1 59 2 59 3 59 4 59 5 59 6 59
61 -0.6461159586906433 -0.06088755652308464 4.3569793701171875 136 80 147 0.0 1 60 2 60 3 60 4 60 5 60 6 60
62 -0.007321876008063555 0.4744070768356323 5.075013160705566 252 242 248 0.0 1 61 2 61 3 61 4 61 5 61 6 61
63 -1.1429322957992554 0.562792956829071 4.891897201538086 117 54 129 0.0 1 62 2 62 3 62 4 62 5 62 6 62
64 -0.7989064455032349 -0.42398685216903687 6.085813999176025 167 209 166 0.0 1 63 2 63 3 63 4 63 5 63 6 63
65 -1.2580286264419556 -0.5723368525505066 4.6081695556640625 214 153 159 0.0 1 64 2 64 3 64 4 64 5 64 6 64
66 1.2917823791503906 0.3319711685180664 6.403512954711914 253 135 170 0.0 1 65 2 65 3 65 4 65 5 65 6 65
67 -0.6507219672203064 -0.0667576938867569 6.693070411682129 173 190 143 0.0 1 66 2 66 3 66 4 66 5 66 6 66
68 -0.8383011817932129 -0.18774254620075226 4.614653587341309 123 123 196 0.0 1 67 2 67 3 67 4 67 5 67 6 67
69 -1.2107101678848267 -0.566910445690155 6.6570234298706055 240 43 77 0.0 1 68 2 68 3 68 4 68 5 68 6 68
70 -0.07447275519371033 -0.7397899627685547 5.439551830291748 200 94 122 0.0 1 69 2 69 3 69 4 69 5 69 6 69
71 -0.292308509349823 0.8115108609199524 4.768385410308838 205 226 72 0.0 1 70 2 70 3 70 4 70 5 70 6 70
72 -0.46849191188812256 0.3266170620918274 6.419832706451416 89 107 46 0.0 1 71 2 71 3 71 4 71 5 71 6 71
73 0.7759242653846741 0.3733207583427429 6.4540205001831055 96 181 143 0.0 1 72 2 72 3 72 4 72 5 72 6 72
74 -0.35788124799728394 0.3658265173435211 5.737490653991699 161 226 64 0.0 1 73 2 73 3 73 4 73 5 73 6 73
75 0.3954415023326874 -0.7859499454498291 5.535971641540527 83 61 230 0.0 1 74 2 74 3 74 4 74 5 74 6 74
76 -0.43621012568473816 0.2620263695716858 4.455162048339844 224 223 108 0.0 1 75 2 75 3 75 4 75 5 75 6 75
77 0.6439698934555054 0.3878421485424042 5.287687301635742 41 126 110 0.0 1 76 2 76 3 76 4 76 5 76 6 76
78 -0.8851096630096436 0.21572245657444 4.790898323059082 182 186 152 0.0 1 77 2 77 3 77 4 77 5 77 6 77
79 0.039529409259557724 0.6140915155410767 4.607443809509277 125 185 206 0.0 1 78 2 78 3 78 4 78 5 78 6 78
80 0.8457024097442627 0.5110521912574768 4.868530750274658 141 57 129 0.0 1 79 2 79 3 79 4 79 5 79 6 79
81 -0.22706978023052216 0.5365102887153625 5.617107391357422 111 42 144 0.0 1 80 2 80 3 80 4 80 5 80 6 80
82 -0.18622425198554993 0.2726031541824341 4.150145053863525 190 117 189 0.0 1 81 2 81 3 81 4 81 5 81 6 81
83 -0.8840433955192566 -0.7298246026039124 4.974348545074463 104 129 113 0.0 1 82 2 82 3 82 4 82 5 82 6 82
84 0.06525162607431412 -0.8450040817260742 5.390242099761963 82 164 198 0.0 1 83 2 83 3 83 4 83 5 83 6 83
85 -0.8759984970092773 -0.9165558815002441 5.540302276611328 140 222 98 0.0 1 84 2 84 3 84 4 84 5 84 6 84
86 1.3080151081085205 -0.246754989027977 5.512313365936279 181 171 58 0.0 1 85 2 85 3 85 4 85 5 85 6 85
87 0.3596934676170349 0.31276753544807434 5.980801105499268 63 129 215 0.0 1 86 2 86 3 86 4 86 5 86 6 86
88 1.2657105922698975 -0.6525571942329407 5.396170616149902 62 153 235 0.0 1 87 2 87 3 87 4 87 5 87 6 87
89 -1.1305121183395386 0.44984203577041626 5.244725704193115 102 176 135 0.0 1 88 2 88 3 88 4 88 5 88 6 88
90 1.1633002758026123 0.7723942995071411 6.6336212158203125 109 219 230 0.0 1 89 2 89 3 89 4 89 5 89 6 89
91 -0.5413534045219421 0.2238500416278839 4.384573459625244 109 247 94 0.0 1 90 2 90 3 90 4 90 5 90 6 90
92 -0.9063477516174316 -0.7209532856941223 5.667800426483154 112 136 64 0.0 1 91 2 91 3 91 4 91 5 91 6 91
93 0.1344805508852005 0.8431808352470398 5.761380195617676 180 169 115 0.0 1 92 2 92 3 92 4 92 5 92 6 92
94 0.3786333203315735 0.9048458337783813 4.039783000946045 182 72 216 0.0 1 93 2 93 3 93 4 93 5 93 6 93
95 -0.9770256280899048 -0.15415418148040771 6.453296184539795 164 73 105 0.0 1 94 2 94 3 94 4 94 5 94 6 94
96 -1.1169228553771973 -0.06842167675495148 4.221560478210449 201 70 65 0.0 1 95 2 95 3 95 4 95 5 95 6 95
97 -1.0183355808258057 0.8759183287620544 6.291225910186768 176 92 212 0.0 1 96 2 96 3 96 4 96 5 96 6 96
98 1.2615759372711182 -0.35362228751182556 5.599670886993408 59 210 52 0.0 1 97 2 97 3 97 4 97 5 97 6 97
99 -0.9351687431335449 -0.9934465289115906 4.410507678985596 208 172 173 0.0 1 98 2 98 3 98 4 98 5 98 6 98
100 0.35451310873031616 -0.45148685574531555 5.284876823425293 201 176 87 0.0 1 99 2 99 3 99 4 99 5 99 6 99
101 1.2547473907470703 -0.11733561009168625 4.519258499145508 80 68 113 0.0 1 100 2 100 3 100 4 100 5 100 6 100
102 -0.5595344305038452 -0.969135046005249 5.044644832611084 111 160 106 0.0 1 101 2 101 3 101 4 101 5 101 6 101
103 -1.1438122987747192 0.6894581913948059 4.076302528381348 107 203 226 0.0 1 102 2 102 3 102 4 102 5 102 6 102
104 -1.0843924283981323 -0.8312029838562012 5.888571739196777 171 90 54 0.0 1 103 2 103 3 103 4 103 5 103 6 103
105 0.20830529928207397 0.4048117697238922 5.777313709259033 212 67 199 0.0 1 104 2 104 3 104 4 104 5 104 6 104
106 -0.31494781374931335 -0.060934584587812424 5.747274875640869 96 129 232 0.0 1 105 2 105 3 105 4 105 5 105 6 105
107 -0.6863651275634766 0.1255837380886078 4.760644435882568 191 54 103 0.0 1 106 2 106 3 106 4 106 5 106 6 106
108 0.5081347227096558 0.8804188966751099 4.379690170288086 101 55 83 0.0 1 107 2 107 3 107 4 107 5 107 6 107
109 0.8994395732879639 -0.18185828626155853 4.46257209777832 148 205 149 0.0 1 108 2 108 3 108 4 108 5 108 6 108
110 0.17838722467422485 -0.389017790555954 5.228058815002441 245 58 201 0.0 1 109 2 109 3 109 4 109 5 109 6 109
111 -0.992712140083313 -0.6039578318595886 6.598228931427002 145 61 87 0.0 1 110 2 110 3 110 4 110 5 110 6 110
112 0.3061359226703644 -0.2434767782688141 5.271257400512695 175 51 46 0.0 1 111 2 111 3 111 4 111 5 111 6 111
113 0.6078405380249023 0.7869817018508911 6.886760234832764 138 134 116 0.0 1 112 2 112 3 112 4 112 5 112 6 112
114 0.20533160865306854 0.27964651584625244 6.719955921173096 243 125 206 0.0 1 113 2 113 3 113 4 113 5 113 6 113
115 0.14979258179664612 -0.9207888245582581 4.8597846031188965 92 128 47 0.0 1 114 2 114 3 114 4 114 5 114 6 114
116 -0.0946231260895729 0.5005737543106079 4.105710029602051 175 173 161 0.0 1 115 2 115 3 115 4 115 5 115 6 115
117 0.48776277899742126 0.14224570989608765 6.308699607849121 120 107 52 0.0 1 116 2 116 3 116 4 116 5 116 6 116
118 0.362942099571228 0.33664393424987793 6.942328453063965 51 228 199 0.0 1 117 2 117 3 117 4 117 5 117 6 117
119 0.20986820757389069 -0.0884988084435463 4.2610955238342285 234 88 173 0.0 1 118 2 118 3 118 4 118 5 118 6 118
120 0.05926516279578209 -0.6325217485427856 4.861922740936279 206 152 237 0.0 1 119 2 119 3 119 4 119 5 119 6 119
121 0.8694751262664795 -0.7261362075805664 5.41327428817749 105 88 138 0.0 1 120 2 120 3 120 4 120 5 120 6 120
122 0.4402829706668854 -0.8738685846328735 5.814808368682861 119 43 246 0.0 1 121 2 121 3 121 4 121 5 121 6 121
123 0.8826209902763367 0.4482526183128357 5.266882419586182 62 164 149 0.0 1 122 2 122 3 122 4 122 5 122 6 122
124 0.9257938861846924 -0.025941437110304832 5.2242865562438965 222 51 45 0.0 1 123 2 123 3 123 4 123 5 123 6 123
125 0.2941575050354004 -0.4147159159183502 4.780918121337891 200 187 133 0.0 1 124 2 124 3 124 4 124 5 124 6 124
126 -0.5515092015266418 0.46169769763946533 6.909173965454102 135 167 44 0.0 1 125 2 125 3 125 4 125 5 125 6 125
127 1.0474156141281128 0.7687972187995911 6.359652042388916 239 240 240 0.0 1 126 2 126 3 126 4 126 5 126 6 126
128 -0.9675089716911316 -0.23913969099521637 6.882248878479004 100 80 91 0.0 1 127 2 127 3 127 4 127 5 127 6 127
129 -0.22464138269424438 0.8205574750900269 5.7944231033325195 194 232 61 0.0 1 128 2 128 3 128 4 128 5 128 6 128
130 -0.4517517685890198 0.10015708953142166 4.413226127624512 101 108 214 0.0 1 129 2 129 3 129 4 129 5 129 6 129
131 -1.385499119758606 0.41913387179374695 6.095452785491943 234 151 224 0.0 1 130 2 130 3 130 4 130 5 130 6 130
132 -0.9356555938720703 -0.10360308736562729 5.794345378875732 70 126 51 0.0 1 131 2 131 3 131 4 131 5 131 6 131
133 0.9640963077545166 -0.3351611793041229 5.320230960845947 147 226 155 0.0 1 132 2 132 3 132 4 132 5 132 6 132
134 1.058925986289978 -0.6741551160812378 4.1629743576049805 59 213 161 0.0 1 133 2 133 3 133 4 133 5 133 6 133
135 0.0534757636487484 -0.387959748506546 6.18949031829834 150 210 151 0.0 1 134 2 134 3 134 4 134 5 134 6 134
136 0.3151108920574188 -0.6089016199111938 6.107185363769531 93 121 235 0.0 1 135 2 135 3 135 4 135 5 135 6 135
137 -1.3294488191604614 -0.8750921487808228 6.971276760101318 163 143 209 0.0 1 136 2 136 3 136 4 136 5 136 6 136
138 0.25281473994255066 -0.593664288520813 5.222465991973877 193 239 112 0.0 1 137 2 137 3 137 4 137 5 137 6 137
139 -1.3075330257415771 -0.37894073128700256 6.743089199066162 84 205 240 0.0 1 138 2 138 3 138 4 138 5 138 6 138
140 -1.276962399482727 0.757381796836853 5.007728099822998 202 42 145 0.0 1 139 2 139 3 139 4 139 5 139 6 139
141 0.7083370089530945 -0.6088550686836243 4.583018779754639 103 176 196 0.0 1 140 2 140 3 140 4 140 5 140 6 140
142 -1.2267768383026123 -0.3285479247570038 4.403316974639893 81 223 225 0.0 1 141 2 141 3 141 4 141 5 141 6 141
143 0.22135281562805176 0.7306239008903503 6.882111549377441 170 100 221 0.0 1 142 2 142 3 142 4 142 5 142 6 142
144 -0.8656530380249023 -0.6037119030952454 6.361353874206543 224 247 225 0.0 1 143 2 143 3 143 4 143 5 143 6 143
145 -0.7694198489189148 0.4556841254234314 4.760255813598633 59 214 214 0.0 1 144 2 144 3 144 4 144 5 144 6 144
146 0.9604701995849609 0.0833970382809639 5.086007595062256 105 61 237 0.0 1 145 2 145 3 145 4 145 5 145 6 145
147 0.21105296909809113 -0.5397876501083374 5.972227573394775 206 115 167 0.0 1 146 2 146 3 146 4 146 5 146 6 146
148 0.9912254214286804 0.03208225220441818 6.413414001464844 210 100 239 0.0 1 147 2 147 3 147 4 147 5 147 6 147
149 -0.34639406204223633 0.09177795052528381 5.50771427154541 200 121 150 0.0 1 148 2 148 3 148 4 148 5 148 6 148
150 -0.09035539627075195 -0.8865837454795837 6.8173909187316895 157 72 57 0.0 1 149 2 149 3 149 4 149 5 149 6 149
151 -0.24775288999080658 0.025754479691386223 4.5658793449401855 144 43 238 0.0 1 150 2 150 3 150 4 150 5 150 6 150
152 0.25308603048324585 -0.19349321722984314 4.283076286315918 222 40 159 0.0 1 151 2 151 3 151 4 151 5 151 6 151
153 -0.5588237643241882 -0.4661977291107178 6.436431884765625 105 115 46 0.0 1 152 2 152 3 152 4 152 5 152 6 152
154 0.5679575204849243 0.5213818550109863 6.692483901977539 149 197 145 0.0 1 153 2 153 3 153 4 153 5 153 6 153
155 0.7719199061393738 -0.8693701028823853 5.733875274658203 144 128 210 0.0 1 154 2 154 3 154 4 154 5 154 6 154
156 -0.5608571767807007 0.7341321706771851 4.356515884399414 58 176 61 0.0 1 155 2 155 3 155 4 155 5 155 6 155
157 1.0649300813674927 0.5109142065048218 5.90777587890625 144 147 172 0.0 1 156 2 156 3 156 4 156 5 156 6 156
158 -0.16712228953838348 -0.29489612579345703 5.922179222106934 120 192 79 0.0 1 157 2 157 3 157 4 157 5 157 6 157
159 0.9662081003189087 -0.853417158126831 4.1059064865112305 168 173 95 0.0 1 158 2 158 3 158 4 158 5 158 6 158
160 1.0158658027648926 -0.37440618872642517 5.532661437988281 125 231 242 0.0 1 159 2 159 3 159 4 159 5 159 6 159
161 0.35026732087135315 0.10339994728565216 4.102229595184326 253 57 141 0.0 1 160 2 160 3 160 4 160 5 160 6 160
162 1.0663996934890747 0.9839963912963867 6.843639850616455 91 89 243 0.0 1 161 2 161 3 161 4 161 5 161 6 161
163 0.021762261167168617 -0.10542235523462296 5.899643421173096 136 95 163 0.0 1 162 2 162 3 162 4 162 5 162 6 162
164 0.8142786622047424 -0.7938116788864136 4.001970291137695 233 142 123 0.0 1 163 2 163 3 163 4 163 5 163 6 163
165 0.4750397503376007 -0.40727078914642334 6.1559553146362305 85 129 103 0.0 1 164 2 164 3 164 4 164 5 164 6 164
166 0.8317943811416626 0.44088929891586304 6.11974573135376 155 123 120 0.0 1 165 2 165 3 165 4 165 5 165 6 165
167 -0.7294301986694336 -0.3668769598007202 6.689944744110107 166 88 235 0.0 1 166 2 166 3 166 4 166 5 166 6 166
168 0.5379391312599182 -0.7871596813201904 4.514690399169922 158 188 222 0.0 1 167 2 167 3 167 4 167 5 167 6 167
169 -1.3433964252471924 -0.10496855527162552 4.928106307983398 204 122 238 0.0 1 168 2 168 3 168 4 168 5 168 6 168
170 0.872444748878479 -0.5751696228981018 4.484193801879883 94 219 237 0.0 1 169 2 169 3 169 4 169 5 169 6 169
171 -0.33755072951316833 0.16719649732112885 5.6413984298706055 82 237 249 0.0 1 170 2 170 3 170 4 170 5 170 6 170
172 0.06647229939699173 -0.04692595452070236 6.846315860748291 121 47 118 0.0 1 171 2 171 3 171 4 171 5 171 6 171
173 0.718269944190979 -0.057576339691877365 6.670229911804199 89 202 128 0.0 1 172 2 172 3 172 4 172 5 172 6 172
174 0.9241336584091187 0.4885845184326172 4.73505163192749 160 248 161 0.0 1 173 2 173 3 173 4 173 5 173 6 173
175 0.18775628507137299 0.3609243631362915 6.631645679473877 228 162 122 0.0 1 174 2 174 3 174 4 174 5 174 6 174
176 0.04346347227692604 -0.9484174251556396 6.4093170166015625 221 234 229 0.0 1 175 2 175 3 175 4 175 5 175 6 175
177 0.4222608506679535 -0.10385579615831375 4.948809623718262 176 138 110 0.0 1 176 2 176 3 176 4 176 5 176 6 176
178 -0.6922476887702942 0.8559931516647339 6.683279037475586 195 85 80 0.0 1 177 2 177 3 177 4 177 5 177 6 177
179 -0.5553953647613525 -0.25046780705451965 4.557429790496826 47 90 62 0.0 1 178 2 178 3 178 4 178 5 178 6 178
180 1.3802567720413208 -0.2927762567996979 6.443697929382324 65 249 91 0.0 1 179 2 179 3 179 4 179 5 179 6 179
