0.000000 -0.25000000 0.00000000 0.00000000 0.00000000 -0.00872654 0.00000000 0.99996192
0.100000 -0.21666667 0.00479426 0.00000000 0.00000000 -0.00756302 0.00000000 0.99997140
0.200000 -0.18333333 0.00841471 0.00000000 0.00000000 -0.00639950 0.00000000 0.99997952
0.300000 -0.15000000 0.00997495 0.00000000 0.00000000 -0.00523596 0.00000000 0.99998629
0.400000 -0.11666667 0.00909297 0.00000000 0.00000001 -0.00407242 0.00000000 0.99999171
0.500000 -0.08333333 0.00598472 0.00000000 0.00000000 -0.00290888 0.00000000 0.99999577
0.600000 -0.05000000 0.00141120 0.00000000 0.00000000 -0.00174533 0.00000000 0.99999848
0.700000 -0.01666667 -0.00350783 0.00000000 0.00000000 -0.00058178 0.00000000 0.99999983
0.800000 0.01666667 -0.00756802 0.00000000 0.00000000 0.00058178 0.00000000 0.99999983
0.900000 0.05000000 -0.00977530 0.00000000 0.00000000 0.00174533 0.00000000 0.99999848
1.000000 0.08333333 -0.00958924 0.00000000 0.00000000 0.00290888 0.00000000 0.99999577
1.100000 0.11666667 -0.00705540 0.00000000 0.00000001 0.00407242 0.00000000 0.99999171
1.200000 0.15000000 -0.00279415 0.00000000 0.00000000 0.00523596 0.00000000 0.99998629
1.300000 0.18333333 0.00215120 0.00000000 0.00000000 0.00639950 0.00000000 0.99997952
1.400000 0.21666667 0.00656987 0.00000000 0.00000000 0.00756302 0.00000000 0.99997140
1.500000 0.25000000 0.00938000 0.00000000 0.00000000 0.00872654 0.00000000 0.99996192
